 254.0333   62.9670  263.5653   50.4363
 263.5653   50.4363  260.9000   76.2187
 260.9000   76.2187  266.6834   56.5323
 266.6834   56.5323  268.3689   66.3536
 268.3689   66.3536  278.0901   55.5163
 278.0901   55.5163  279.3118   60.7656
 279.3118   60.7656  290.9560   44.0016
 290.9560   44.0016  291.4177   48.1734
 291.4177   48.1734  296.9860   38.4291
 296.9860   38.4291  299.8177   40.9729
 299.8177   40.9729  309.2392   31.4709
 309.2392   31.4709  324.5070   37.2265
 324.5070   37.2265  329.3117   24.1878
 329.3117   24.1878  333.7003   15.9356
 333.7003   15.9356  340.9894   11.8265
 340.9894   11.8265  345.4435   11.8545
 345.4435   11.8545  349.1245   15.7230
 349.1245   15.7230  352.2175   23.8493
 352.2175   23.8493  356.9885   40.2746
 356.9885   40.2746  357.2005   38.0733
 357.2005   38.0733  362.4644   42.9839
 362.4644   42.9839  363.2356   41.2906
 363.2356   41.2906  375.1831   47.7253
 375.1831   47.7253  376.2280   45.4059
 376.2280   45.4059  381.8235   57.5466
 381.8235   57.5466  384.7768   55.1759
 384.7768   55.1759  394.6517   67.4445
 394.6517   67.4445  398.4383   73.9737
 398.4383   73.9737  398.8723   90.2979
 398.8723   90.2979  399.6595   94.3562
 399.6595   94.3562  404.9579   97.3588
 404.9579   97.3588  406.9565  101.3423
 406.9565  101.3423  402.4548  115.1151
 402.4548  115.1151  394.2248  125.2645
 394.2248  125.2645  385.6505  131.7233
 385.6505  131.7233  377.5225  132.3896
 377.5225  132.3896  362.4424  129.3129
 362.4424  129.3129  347.7140  123.2549
 347.7140  123.2549  341.9566  124.2856
 341.9566  124.2856  334.6223  129.0998
 334.6223  129.0998  327.7522  144.3226
 327.7522  144.3226  324.0049  146.9927
 324.0049  146.9927  322.7729  148.9843
 322.7729  148.9843  326.2903  158.8079
 326.2903  158.8079  321.1933  158.3893
 321.1933  158.3893  324.6820  170.8322
 324.6820  170.8322  320.4728  169.6453
 320.4728  169.6453  320.0476  176.5879
 320.0476  176.5879  323.4850  194.4447
 323.4850  194.4447  320.3235  193.8615
 320.3235  193.8615  322.4808  216.0442
 322.4808  216.0442  319.3988  213.3333
 319.3988  213.3333  315.1652  231.4535
 315.1652  231.4535  312.9158  229.5893
 312.9158  229.5893  311.2878  243.8149
 311.2878  243.8149  308.2572  243.8149
 308.2572  243.8149  309.6119  251.9429
 309.6119  251.9429  307.8625  251.9429
 307.8625  251.9429  308.7685  265.5888
 308.7685  265.5888  304.6198  264.4179
 304.6198  264.4179  305.4351  287.1805
 305.4351  287.1805  299.7940  285.8096
 299.7940  285.8096  303.1570  299.3562
 303.1570  299.3562  299.3730  299.4838
 299.3730  299.4838  303.8349  320.0149
 303.8349  320.0149  301.4862  319.4845
 301.4862  319.4845  311.7764  334.5844
 311.7764  334.5844  304.5744  333.2230
 304.5744  333.2230  303.5200  337.9201
 303.5200  337.9201  308.5969  354.9087
 308.5969  354.9087  318.5058  393.6731
 318.5058  393.6731  329.2587  408.6712
 329.2587  408.6712  327.8846  415.6884
 327.8846  415.6884  325.4878  419.3026
 325.4878  419.3026  322.6408  420.5620
 322.6408  420.5620  318.5521  419.2027
 318.5521  419.2027  307.4147  421.5826
 307.4147  421.5826  303.1255  420.2547
 303.1255  420.2547  299.0976  416.4127
 299.0976  416.4127  292.0293  416.8166
 292.0293  416.8166  286.5532  409.4254
 286.5532  409.4254  275.1148  388.9348
 275.1148  388.9348  272.9692  384.5291
 272.9692  384.5291  274.4539  370.5936
 274.4539  370.5936  271.0099  364.0298
 271.0099  364.0298  272.4139  356.7584
 272.4139  356.7584  271.4929  353.0535
 271.4929  353.0535  266.4465  352.0126
 266.4465  352.0126  271.0080  347.2760
 271.0080  347.2760  271.7238  343.3560
 271.7238  343.3560  267.5235  340.6720
 267.5235  340.6720  261.6971  339.8104
 261.6971  339.8104  263.1670  336.8812
 263.1670  336.8812  267.4444  337.4573
 267.4444  337.4573  263.8130  327.9738
 263.8130  327.9738  259.3164  322.3397
 259.3164  322.3397  263.2111  322.3157
 263.2111  322.3157  253.7263  311.1746
 253.7263  311.1746  252.7124  307.4655
 252.7124  307.4655  256.4590  308.1644
 256.4590  308.1644  251.5745  299.2264
 251.5745  299.2264  248.2075  294.1754
 248.2075  294.1754  247.8115  292.7565
 247.8115  292.7565  252.3737  293.2168
 252.3737  293.2168  251.3675  291.2817
 251.3675  291.2817  243.0991  287.1635
 243.0991  287.1635  249.0188  285.8725
 249.0188  285.8725  248.2913  280.4954
 248.2913  280.4954  242.2810  276.3024
 242.2810  276.3024  246.2962  275.0507
 246.2962  275.0507  246.3282  266.7864
 246.3282  266.7864  242.0455  264.1926
 242.0455  264.1926  246.6167  261.9758
 246.6167  261.9758  246.6167  257.6935
 246.6167  257.6935  245.2181  254.7181
 245.2181  254.7181  240.4922  253.8820
 240.4922  253.8820  239.5488  251.3054
 239.5488  251.3054  243.9074  247.6676
 243.9074  247.6676  240.8631  246.3865
 240.8631  246.3865  237.7310  245.1702
 237.7310  245.1702  240.5207  240.8011
 240.5207  240.8011  239.1957  238.0219
 239.1957  238.0219  230.9529  240.3666
 230.9529  240.3666  236.5065  234.6915
 236.5065  234.6915  232.2343  234.0762
 232.2343  234.0762  224.9529  238.0576
 224.9529  238.0576  227.3187  230.0989
 227.3187  230.0989  226.3059  227.8245
 226.3059  227.8245  221.1453  231.6229
 221.1453  231.6229  221.6136  222.6489
 221.6136  222.6489  220.3813  222.0308
 220.3813  222.0308  212.7773  226.3736
 212.7773  226.3736  214.9510  213.8436
 214.9510  213.8436  209.2361  222.9869
 209.2361  222.9869  205.9121  211.9802
 205.9121  211.9802  203.7750  213.1662
 203.7750  213.1662  205.0541  226.8815
 205.0541  226.8815  199.8058  222.4795
 199.8058  222.4795  197.7813  224.9573
 197.7813  224.9573  197.5485  229.5497
 197.5485  229.5497  202.7621  233.6420
 202.7621  233.6420  195.1384  234.3665
 195.1384  234.3665  196.7841  238.9665
 196.7841  238.9665  200.9105  240.6821
 200.9105  240.6821  191.3714  241.1054
 191.3714  241.1054  196.8875  246.1396
 196.8875  246.1396  189.0347  247.3023
 189.0347  247.3023  194.3062  253.1281
 194.3062  253.1281  186.2426  253.9751
 186.2426  253.9751  191.0889  259.4105
 191.0889  259.4105  185.6663  260.5049
 185.6663  260.5049  191.8360  265.9039
 191.8360  265.9039  184.6544  266.4928
 184.6544  266.4928  188.3800  276.6657
 188.3800  276.6657  180.8935  273.2794
 180.8935  273.2794  185.7232  287.0385
 185.7232  287.0385  178.7133  283.2701
 178.7133  283.2701  178.7693  289.7047
 178.7693  289.7047  183.3009  295.9697
 183.3009  295.9697  176.1889  294.2763
 176.1889  294.2763  179.9210  303.1685
 179.9210  303.1685  174.0742  300.3756
 174.0742  300.3756  177.8822  313.5805
 177.8822  313.5805  173.1140  310.7851
 173.1140  310.7851  176.2337  321.0314
 176.2337  321.0314  171.4288  317.9860
 171.4288  317.9860  175.3043  325.1770
 175.3043  325.1770  180.6370  327.5114
 180.6370  327.5114  175.8503  328.4821
 175.8503  328.4821  178.1763  333.4679
 178.1763  333.4679  184.3141  335.4248
 184.3141  335.4248  179.2368  336.6101
 179.2368  336.6101  187.1891  344.2448
 187.1891  344.2448  184.6535  346.0310
 184.6535  346.0310  192.0773  350.5148
 192.0773  350.5148  189.5751  352.0604
 189.5751  352.0604  196.8385  358.1158
 196.8385  358.1158  195.4433  361.5039
 195.4433  361.5039  201.0445  367.2371
 201.0445  367.2371  212.1924  365.0269
 212.1924  365.0269  217.7329  368.4194
 217.7329  368.4194  219.8879  372.1726
 219.8879  372.1726  224.5506  376.6076
 224.5506  376.6076  225.9710  382.5382
 225.9710  382.5382  221.7583  388.1998
 221.7583  388.1998  207.1750  392.2837
 207.1750  392.2837  189.5644  391.4048
 189.5644  391.4048  185.3561  388.7107
 185.3561  388.7107  176.6950  383.1263
 176.6950  383.1263  172.7873  375.9268
 172.7873  375.9268  139.6400  326.2832
 139.6400  326.2832  138.5216  317.3085
 138.5216  317.3085  136.8945  316.2171
 136.8945  316.2171  138.3843  305.6229
 138.3843  305.6229  136.2634  303.4324
 136.2634  303.4324  134.1930  302.5140
 134.1930  302.5140  137.9548  295.9211
 137.9548  295.9211  134.6008  292.2922
 134.6008  292.2922  139.2791  285.6402
 139.2791  285.6402  140.9499  278.8345
 140.9499  278.8345  138.8854  278.0217
 138.8854  278.0217  142.3146  265.1509
 142.3146  265.1509  140.5351  265.1509
 140.5351  265.1509  143.8385  256.8535
 143.8385  256.8535  144.6221  249.2448
 144.6221  249.2448  141.5390  249.9109
 141.5390  249.9109  143.6591  238.7364
 143.6591  238.7364  141.2802  246.6936
 141.2802  246.6936  140.2994  257.7002
 140.2994  257.7002  137.3981  256.1778
 137.3981  256.1778  139.5843  272.2629
 139.5843  272.2629  136.1751  269.1679
 136.1751  269.1679  134.1736  272.9280
 134.1736  272.9280  137.9108  278.1895
 137.9108  278.1895  134.8127  278.1895
 134.8127  278.1895  133.0363  283.6097
 133.0363  283.6097  135.5760  286.9949
 135.5760  286.9949  132.1186  287.8430
 132.1186  287.8430  133.1555  298.1325
 133.1555  298.1325  131.1235  297.3042
 131.1235  297.3042  134.4443  309.5996
 134.4443  309.5996  130.3923  309.5456
 130.3923  309.5456  134.5338  323.5011
 134.5338  323.5011  130.9840  319.8471
 130.9840  319.8471  133.9346  334.2755
 133.9346  334.2755  131.1475  333.5634
 131.1475  333.5634  132.2397  339.4900
 132.2397  339.4900  135.8888  345.5483
 135.8888  345.5483  131.8084  345.0036
 131.8084  345.0036  139.6620  354.6036
 139.6620  354.6036  135.8897  355.1606
 135.8897  355.1606  142.3243  365.3882
 142.3243  365.3882  138.0673  364.5797
 138.0673  364.5797  138.0833  368.3534
 138.0833  368.3534  143.0011  372.5076
 143.0011  372.5076  139.9335  374.2291
 139.9335  374.2291  145.0399  379.9693
 145.0399  379.9693  149.1950  384.0604
 149.1950  384.0604  154.8479  387.5486
 154.8479  387.5486  158.0338  393.3368
 158.0338  393.3368  158.0498  403.4968
 158.0498  403.4968  154.6631  408.6658
 154.6631  408.6658  147.5511  410.0330
 147.5511  410.0330  140.9470  412.5586
 140.9470  412.5586  132.6718  411.4306
 132.6718  411.4306  123.8900  408.7064
 123.8900  408.7064  115.5691  404.5944
 115.5691  404.5944  112.8802  393.3337
 112.8802  393.3337  109.7565  378.4340
 109.7565  378.4340   96.1923  323.2314
  96.1923  323.2314   97.6148  315.4404
  97.6148  315.4404  100.3691  306.8262
 100.3691  306.8262  100.6223  302.4017
 100.6223  302.4017   95.2149  305.1110
  95.2149  305.1110   98.5203  281.0028
  98.5203  281.0028   95.2512  283.4377
  95.2512  283.4377   99.6886  270.3974
  99.6886  270.3974   99.2646  262.4298
  99.2646  262.4298   93.3664  259.0588
  93.3664  259.0588   89.4148  263.1177
  89.4148  263.1177   94.2296  236.3640
  94.2296  236.3640   88.8171  238.0306
  88.8171  238.0306   95.1923  230.2141
  95.1923  230.2141   96.4164  221.6139
  96.4164  221.6139   94.0302  219.2639
  94.0302  219.2639   88.1193  216.9958
  88.1193  216.9958   92.8293  206.7613
  92.8293  206.7613   92.1677  201.4814
  92.1677  201.4814   85.4299  205.0022
  85.4299  205.0022   90.4896  196.3162
  90.4896  196.3162   89.1349  192.3374
  89.1349  192.3374   83.5764  194.8698
  83.5764  194.8698   87.7733  186.6988
  87.7733  186.6988   89.1347  183.2847
  89.1347  183.2847   86.0544  181.5000
  86.0544  181.5000   84.4979  185.0389
  84.4979  185.0389   83.7551  170.3123
  83.7551  170.3123   81.4241  167.9534
  81.4241  167.9534   78.2335  173.5129
  78.2335  173.5129   80.6675  180.3147
  80.6675  180.3147   80.0209  182.1989
  80.0209  182.1989   76.2553  181.8785
  76.2553  181.8785   77.5853  187.1718
  77.5853  187.1718   82.7202  191.3706
  82.7202  191.3706   76.5679  194.7380
  76.5679  194.7380   83.0407  199.3867
  83.0407  199.3867   80.5210  204.5741
  80.5210  204.5741   80.0326  207.9086
  80.0326  207.9086   85.9962  208.7629
  85.9962  208.7629   82.9751  216.2135
  82.9751  216.2135   86.1301  224.8496
  86.1301  224.8496   79.3026  220.4466
  79.3026  220.4466   76.5312  221.9101
  76.5312  221.9101   77.6426  225.2188
  77.6426  225.2188   82.7226  229.1016
  82.7226  229.1016   75.9493  236.3469
  75.9493  236.3469   83.4316  239.3526
  83.4316  239.3526   75.5585  242.7990
  75.5585  242.7990   72.9025  247.4995
  72.9025  247.4995   80.3519  250.2653
  80.3519  250.2653   68.5501  251.1734
  68.5501  251.1734   73.4924  272.9762
  73.4924  272.9762   68.5031  268.1990
  68.5031  268.1990   66.5213  270.0617
  66.5213  270.0617   69.0103  284.9630
  69.0103  284.9630   61.4038  282.0842
  61.4038  282.0842   56.8876  283.8880
  56.8876  283.8880   59.3855  299.3997
  59.3855  299.3997   55.7351  295.6308
  55.7351  295.6308   52.0030  297.9488
  52.0030  297.9488   53.6014  307.8441
  53.6014  307.8441   47.1667  304.4361
  47.1667  304.4361   44.4316  310.1338
  44.4316  310.1338   47.1536  316.2895
  47.1536  316.2895   41.0705  312.1181
  41.0705  312.1181   41.0705  315.6837
  41.0705  315.6837   44.1185  326.4708
  44.1185  326.4708   34.2717  319.0000
  34.2717  319.0000   37.3993  332.2068
  37.3993  332.2068   33.8380  327.8053
  33.8380  327.8053   29.9446  329.2069
  29.9446  329.2069   29.5310  334.5183
  29.5310  334.5183   31.8857  340.3347
  31.8857  340.3347   27.5298  336.9164
  27.5298  336.9164   23.1714  335.2560
  23.1714  335.2560   20.1177  341.0603
  20.1177  341.0603   17.9155  339.2682
  17.9155  339.2682   18.3356  331.8941
  18.3356  331.8941   15.0124  331.8661
  15.0124  331.8661   10.9248  333.8981
  10.9248  333.8981   14.2910  326.4487
  14.2910  326.4487    7.1672  325.5470
   7.1672  325.5470   18.4156  318.4217
  18.4156  318.4217   13.9728  316.6064
  13.9728  316.6064   21.0152  314.9342
  21.0152  314.9342   21.7182  311.1689
  21.7182  311.1689   20.4675  302.0923
  20.4675  302.0923   26.7401  302.7620
  26.7401  302.7620   26.9477  288.8563
  26.9477  288.8563   32.8962  292.9206
  32.8962  292.9206   28.8527  279.0350
  28.8527  279.0350   35.5196  280.7346
  35.5196  280.7346   37.9993  277.9746
  37.9993  277.9746   30.9060  271.8487
  30.9060  271.8487   37.1713  272.3100
  37.1713  272.3100   39.0156  270.2435
  39.0156  270.2435   31.9036  267.2493
  31.9036  267.2493   41.1102  264.7501
  41.1102  264.7501   33.8516  260.4597
  33.8516  260.4597   46.5523  258.0873
  46.5523  258.0873   33.7848  253.1599
  33.7848  253.1599   45.8620  252.1169
  45.8620  252.1169   45.8780  247.0319
  45.8780  247.0319   41.7339  242.9663
  41.7339  242.9663   52.3650  233.8223
  52.3650  233.8223   50.4091  227.8204
  50.4091  227.8204   44.7927  228.8660
  44.7927  228.8660   53.5823  217.0821
  53.5823  217.0821   42.7609  218.2441
  42.7609  218.2441   54.9697  209.0403
  54.9697  209.0403   45.6926  208.1893
  45.6926  208.1893   43.7766  204.9844
  43.7766  204.9844   55.2758  201.4351
  55.2758  201.4351   43.0446  194.6502
  43.0446  194.6502   57.3079  191.2147
  57.3079  191.2147   56.3070  189.1820
  56.3070  189.1820   50.3088  184.8399
  50.3088  184.8399   42.7603  183.8162
  42.7603  183.8162   58.0003  177.4026
  58.0003  177.4026   39.9312  169.6531
  39.9312  169.6531   58.3667  164.8171
  58.3667  164.8171   41.7293  159.4054
  41.7293  159.4054   62.1721  154.5996
  62.1721  154.5996   64.1389  149.7128
  64.1389  149.7128   63.5881  146.6013
  63.5881  146.6013   49.8719  146.8184
  49.8719  146.8184   65.7746  130.3934
  65.7746  130.3934   63.4631  127.6499
  63.4631  127.6499   55.9533  127.3907
  55.9533  127.3907   62.3963  120.8683
  62.3963  120.8683   69.4999  119.4174
  69.4999  119.4174   66.5558  114.5713
  66.5558  114.5713   56.5515  108.0200
  56.5515  108.0200   66.5185  107.7293
  66.5185  107.7293   52.2421   90.3969
  52.2421   90.3969   69.8384   99.2905
  69.8384   99.2905   60.2010   84.1315
  60.2010   84.1315   76.1039   95.9850
  76.1039   95.9850   69.5814   78.5436
  69.5814   78.5436   78.0619   89.0324
  78.0619   89.0324   77.0077   67.9786
  77.0077   67.9786   88.1270   82.9464
  88.1270   82.9464   84.9233   59.4156
  84.9233   59.4156   90.1762   75.8344
  90.1762   75.8344   92.7135   58.3930
  92.7135   58.3930  101.5905   73.1251
 101.5905   73.1251  102.0880   66.1824
 102.0880   66.1824   97.9631   58.2236
  97.9631   58.2236  108.7831   62.9650
 108.7831   62.9650  110.6364   56.3611
 110.6364   56.3611  105.9879   48.9803
 105.9879   48.9803  115.0660   49.7464
 115.0660   49.7464  121.3377   54.1597
 121.3377   54.1597  113.0865   35.1667
 113.0865   35.1667  129.0229   46.3704
 129.0229   46.3704  124.8727   35.3896
 124.8727   35.3896  138.9274   42.9837
 138.9274   42.9837  129.9693   21.5011
 129.9693   21.5011  152.2387   40.3774
 152.2387   40.3774  143.5972   14.1970
 143.5972   14.1970  163.2500   30.5492
 163.2500   30.5492  155.8865    9.4557
 155.8865    9.4557  175.1650   25.7117
 175.1650   25.7117  174.0377    4.6283
 174.0377    4.6283  190.0099   21.6477
 190.0099   21.6477  189.7231    3.3597
 189.7231    3.3597  203.0772   23.3692
 203.0772   23.3692  205.0567    4.7144
 205.0567    4.7144  212.7510   21.6477
 212.7510   21.6477  217.9015    8.1010
 217.9015    8.1010  220.1172   27.4446
 220.1172   27.4446  227.0875   14.5357
 227.0875   14.5357  228.0397   33.8995
 228.0397   33.8995  237.4443   18.1901
 237.4443   18.1901  235.9513   39.6571
 235.9513   39.6571  241.4388   40.3090
 241.4388   40.3090  247.0579   30.0599
 247.0579   30.0599  248.0843   48.4024
 248.0843   48.4024  254.4459   35.8717
 254.4459   35.8717  254.0333   62.9670
 375.5689   80.2103  381.5048   79.7914
 381.5048   79.7914  379.0413   85.4737
 379.0413   85.4737  379.8543   90.3990
 379.8543   90.3990  382.2583   89.1903
 382.2583   89.1903  384.1144   85.8252
 384.1144   85.8252  385.2558   82.2848
 385.2558   82.2848  387.5606   85.7327
 387.5606   85.7327  388.6934   90.5573
 388.6934   90.5573  384.6290   91.3981
 384.6290   91.3981  381.2426   92.1308
 381.2426   92.1308  377.4007   88.6899
 377.4007   88.6899  374.8905   84.5596
 374.8905   84.5596  375.5689   80.2103
