  76.0913    0.0000   64.2872   17.7350
  64.2872   17.7350   53.7376   32.8794
  53.7376   32.8794   43.5318   44.4116
  43.5318   44.4116   34.0302   50.0717
  34.0302   50.0717   26.4326   52.7732
  26.4326   52.7732   17.9698   52.7549
  17.9698   52.7549   13.3094   50.0015
  13.3094   50.0015   12.8471   47.2984
  12.8471   47.2984   15.0761   43.7053
  15.0761   43.7053   18.2635   43.0987
  18.2635   43.0987   21.1012   45.7392
  21.1012   45.7392   23.9775   42.5793
  23.9775   42.5793   22.5095   37.4228
  22.5095   37.4228   17.5636   35.5259
  17.5636   35.5259   12.5188   37.1536
  12.5188   37.1536    9.1716   42.6268
   9.1716   42.6268    6.8813   50.3317
   6.8813   50.3317    7.1825   56.5192
   7.1825   56.5192   11.9956   63.6678
  11.9956   63.6678   21.6387   69.8226
  21.6387   69.8226   30.6730   71.1117
  30.6730   71.1117   44.9607   65.7927
  44.9607   65.7927   58.9072   57.7153
  58.9072   57.7153   73.4457   43.4085
  73.4457   43.4085   83.0663   28.0925
  83.0663   28.0925   85.4292   18.7217
  85.4292   18.7217   90.6948   25.7105
  90.6948   25.7105   95.6538   20.4227
  95.6538   20.4227   96.7854   24.1787
  96.7854   24.1787   96.3151   31.1485
  96.3151   31.1485   95.7863   37.4724
  95.7863   37.4724   92.6853   46.3032
  92.6853   46.3032   87.4332   56.7830
  87.4332   56.7830   83.8847   65.6482
  83.8847   65.6482   82.3161   75.5651
  82.3161   75.5651   85.0680   88.2106
  85.0680   88.2106   87.3305   90.6864
  87.3305   90.6864   93.6524   91.6136
  93.6524   91.6136  100.0000   90.3686
  73.9087  100.0000   72.9933   90.3784
  72.9933   90.3784   68.8285   82.0311
  68.8285   82.0311   65.4347   77.0148
  65.4347   77.0148   58.3492   77.7684
  58.3492   77.7684   50.8870   75.6316
  50.8870   75.6316   41.7781   71.3599
  41.7781   71.3599   37.7049   68.4939
  37.7049   68.4939   41.6325   68.0851
  37.7049   68.4939   41.6325   68.8851
  37.7049   68.4939   41.6325   69.9851
  76.0253   55.7627   77.5439   46.8663
  77.5439   46.8663   79.7882   41.4667
  79.7882   41.4667   84.5333   34.8955
  84.5333   34.8955   90.6948   25.7105
  92.2066   30.5389   85.5341   41.0063
  85.5341   41.0063   81.7538   48.6794
  81.7538   48.6794   80.3924   57.1848
  80.3924   57.1848   84.8876   50.7445
  84.8876   50.7445   89.3783   40.4762
  89.3783   40.4762   92.2066   30.5389
  69.3580   55.5199   69.3580   58.7561
  69.3580   58.7561   65.8912   59.7588
  65.8912   59.7588   64.5415   57.7841
  64.5415   57.7841   65.4052   55.1369
  65.4052   55.1369   69.3580   55.5199
  73.4554   95.2357   66.2417   91.4852
  66.2417   91.4852   57.8719   87.9621
  57.8719   87.9621   47.6777   84.8274
  47.6777   84.8274   36.5533   84.5269
  36.5533   84.5269   23.7016   86.6956
  23.7016   86.6956   11.0821   88.7937
  11.0821   88.7937    0.0000   90.3686
  52.1162   68.6452   46.1276   73.1448
